+962192992851
+962555929551
+962017797151
+962035151951
+962088485551
+962116024651
+962971247151
+962227045151
+962163916251
+962487738451
+962903784451
+962069902651
+962228209451
+962706177451
+962335767451
+962655541051
+962793234351
+962269970651
+962094573451
+962762962051
+962666730451
+962417434451
+962331936151
+962179683551
+962923845551
+962566054451
+962703195051
+962156932051
+962767164751
+962638563751
+962095319851
+962922910651
+962236050551
+962371647351
+962025578751
+962124858451
+962031048051
+962528994651
+962779309151
+962939183351
+962759930351
+962566976751
+962090105851
+962325577151
+962503495751
+962174566251
+962511674151
+962756087451
+962067660551
+962941521251
+962076801951
+962580458051
+962460394451
+962909060351
+962327890351
+962177713051
+962970343051
+962519442851
+962518104051
+962988453751
+962897452451
+962502807551
+962615270351
+962431297551
+962651740951
+962172092751
+962484072451
+962466325251
+962170259051
+962855714751
+962134898251
+962190703351
+962278409651
+962679042251
+962991298351
+962622449351
+962720566151
+962502726851
+962297394051
+962022849451
+962347533951
+962153918651
+962392620251
+962879834551
+962451602851
+962493434251
+962743688051
+962168370351
+962975998151
+962833347351
+962732824851
+962363216151
+962407047151
+962509156651
+962835119651
+962151863051
+962551240351
+962467540251
+962984495551
+962997259151
+962392148651
+962987323151
+962195692051
+962690595551
+962552011251
+962941330851
+962683252051
+962795260151
+962562935551
+962280004751
+962684146451
+962280476251
+962185993651
+962102339151
+962916649751
+962700679951
+962119799251
+962810073751
+962389479751
+962142701151
+962191005651
+962378704051
+962755504051
+962628560051
+962188158751
+962613187751
+962433663551
+962045880451
+962919068951
+962594524051
+962173524451
+962833732651
+962021763051
+962208646451
+962274597751
+962780057651
+962797663351
+962170269251
+962311501051
+962588081251
+962345388251
+962656227251
+962415121151
+962399287051
+962706037251
+962679281951
+962762160251
+962510560051
+962255024051
+962582579051
+962623752451
+962858842051
+962726831251
+962351126451
+962718874251
+962098037951
+962023757751
+962941369951
+962854218651
+962182964551
+962084934151
+962529322551
+962089147651
+962347276051
+962036495451
+962992882951
+962229965351
+962950823951
+962074837951
+962494456451
+962581337151
+962951041551
+962239017751
+962154174051
+962025373351
+962729238651
+962273681651
+962295174451
+962598114251
+962873696051
+962886393751
+962116638151
+962812133851
+962787425251
+962632344851
+962935023351
+962052535451
+962099645851
+962658989751
+962820756551
+962777321251
+962301668851
+962816338751
+962867875151
+962559674351
+962061463051
+962509327351
+962792186751
+962864957451
+962264207851
+962085724351
+962860851051
+962520996851
+962002084751
+962314182151
+962363751351
+962581874851
+962760319451
+962130883351
+962813765951
+962072678851
+962616996851
+962870365851
+962678551051
+962271333651
+962748290951
+962261241151
+962627423851
+962731882151
+962641609151
+962778578351
+962990073251
+962326076151
+962119196051
+962966392351
+962213374251
+962596482351
+962663888951
+962877100851
+962583235551
+962316828351
+962954888351
+962966716451
+962124944351
+962695600751
+962961738451
+962061312551
+962584115551
+962174530651
+962207365151
+962276582251
+962804262351
+962458594051
+962104150951
+962027530351
+962164391251
+962290410351
+962805708351
+962421498851
+962331015151
+962759758351
+962342137051
+962300706851
+962147234151
+962359071651
+962912264351
+962210934351
+962309259651
+962055466951
+962802379851
+962796761951
+962530144251
+962289796051
+962298339551
+962290252151
+962975060351
+962467038051
+962081849651
+962093862151
+962367300651
+962922569651
+962793402951
+962278766251
+962195186051
+962129359351
+962732501151
+962909039451
+962347710551
+962934710051
+962024742351
+962268837551
+962233187751
+962096804651
+962587430551
+962252892451
+962694728651
+962241663151
+962310492651
+962464804151
+962068507251
+962771712851
+962271821151
+962006910151
+962641399051
+962797092451
+962180853451
+962533825351
+962175192951
+962582095451
+962955913151
+962884417851
+962602195051
+962540325451
+962253945251
+962203343151
+962203353151
+962944774451
+962493803551
+962367163551
+962591491851
+962693813451
+962149917351
+962369070051
+962677529951
+962875728051
+962484043051
+962116038351
+962083714051
+962252002751
+962021485151
+962073159151
+962390232851
+962712143251
+962177490751
+962783812151
+962274678751
+962527683751
+962699364351
+962351620151
+962118456551
+962288628851
+962476455351
+962765404651
+962685947351
+962201742551
+962856902951
+962040444851
+962902546151
+962714238151
+962480194051
+962204704151
+962552822551
+962708812951
+962596948051
+962260498851
+962516259051
+962841057251
+962823523951
+962539850151
+962927633551
+962919707151
+962097727751
+962863848651
+962662932151
+962666433851
+962615705151
+962212016751
+962114088051
+962838896951
+962731299351
+962793601651
+962313030851
+962625537751
+962042251551
+962999037351
+962317680551
+962764094151
+962401743551
+962030393251
+962039025651
+962635235351
+962764380651
+962116836951
+962709066351
+962920539851
+962130803951
+962183143451
+962259042351
+962460276551
+962808181451
+962432203851
+962943002051
+962729415851
+962166636251
+962180407151
+962074605451
+962102770051
+962627576151
+962592950851
+962809626551
+962187483051
+962105650051
+962225291651
+962867559351
+962911695651
+962746392051
+962585805651
+962594518951
+962604589451
+962280431151
+962856988551
+962247121951
+962492715351
+962621147051
+962513425251
+962059519051
+962199353651
+962935865451
+962041243051
+962358638551
+962578683951
+962438748651
+962050081251
+962880701551
+962506781851
+962056112051
+962092007251
+962747109351
+962242271651
+962245999251
+962196574051
+962643059651
+962617753251
+962471516951
+962209412551
+962327211451
+962605994151
+962600125951
+962750544651
+962486421951
+962414004351
+962335491851
+962419458451
+962999727951
+962727411651
+962269963551
+962781725051
+962209187051
+962404143451
+962786594051
+962024789651
+962662920551
+962275597051
+962224274051
+962741272951
+962075535851
+962478896951
+962373282151
+962985053651
+962575506651
+962042979751
+962120284451
+962820634351
+962094184151
+962336266051
+962669335851
+962455224751
+962420214251
+962923984851
+962177979651
+962560115051
+962403855251
+962416182651
+962384704651
+962857031251
+962604564851
+962070740851
+962543254651
+962166914851
+962608221451
+962922050051
+962276839251
+962855386251
+962767168851
+962910762051
+962207201851
+962098922051
+962702480351
+962557591951
+962820418651
+962027581151
+962084572751
+962915550751
+962084360351
+962954779451
+962124769951
+962741641551
+962762347051
+962651008851
+962869943951
+962271221351
+962534495351
+962075879951
+962042445451
+962709800551
+962710929651
+962302111651
+962670852551
+962175994051
+962700781151
+962283058951
+962460333251
+962947342051
+962429890351
+962786566051
+962485902851
+962955470151
+962978107351
+962373030951
+962100516351
+962132964351
+962507913751
+962398279351
+962519360951
+962012536251
+962484927551
+962306088651
+962678055651
+962502332151
+962283613251
+962966442251
+962967175751
+962098083351
+962397256351
+962476382651
+962374879751
+962772162451
+962392706051
+962168162551
+962707384351
+962874704551
+962210083251
+962144061351
+962063405951
+962368653051
+962078738151
+962048966651
+962733049151
+962873197951
+962619108851
+962963085051
+962582325351
+962937892551
+962177252651
+962930700151
+962242559451
+962335995151
+962617255551
+962441523951
+962992557151
+962515239651
+962289666251
+962929071751
+962819448551
+962801535551
+962155039151
+962154498851
+962890523951
+962579602551
+962676681251
+962703263351
+962251572051
+962928863151
+962151263051
+962388791151
+962671298951
+962338857251
+962897983851
+962969155551
+962100721651
+962142460851
+962014883351
+962807957151
+962419713451
+962808606651
+962159587751
+962988387751
+962615787951
+962998906951
+962269119251
+962619223451
+962084789751
+962680726151
+962740914051
+962470576551
+962785710551
+962150950651
+962157329751
+962995354751
+962144977851
+962897344751
+962408915851
+962073214151
+962644985151
+962459095251
+962913869451
+962040389651
+962965913551
+962663356951
+962794229251
+962308742451
+962428266951
+962779944251
+962512843751
+962006404851
+962907269551
+962315978351
+962974078451
+962842525451
+962216169151
+962221613651
+962313299151
+962632444551
+962778309951
+962955663251
+962739054651
+962356655651
+962140458851
+962099977851
+962859414051
+962330096551
+962873977151
+962922909451
+962407650351
+962145810351
+962456927951
+962639841751
+962101570651
+962016027951
+962010755351
+962291289951
+962857744551
+962473439451
+962570846551
+962852852251
+962858132551
+962142767851
+962857130251
+962455299051
+962808516651
+962336830451
+962099064451
+962975353351
+962777155251
+962181307551
+962336805151
+962413615951
+962176080751
+962448405451
+962055856851
+962851896851
+962657321151
+962892883151
+962706651151
+962778332051
+962913415351
+962292523951
+962661440551
+962963399351
+962595018951
+962520971551
+962335027851
+962661288051
+962445174251
+962139985251
+962962765451
+962972210751
+962030873851
+962190472451
+962926426451
+962271957951
+962122229051
+962572205651
+962194120351
+962190707051
+962947440451
+962494330851
+962141944751
+962281706851
+962730015851
+962246220951
+962493599951
+962780237751
+962004882451
+962104382751
+962458586051
+962213804651
+962611889451
+962494808351
+962309045751
+962233442251
+962111658551
+962457851351
+962936535751
+962494816851
+962368412251
+962396877851
+962213228851
+962782511151
+962886925251
+962990021351
+962239238651
+962412963651
+962918907951
+962063981351
+962575921651
+962390818651
+962951780551
+962712678751
+962881018351
+962153979251
+962266659751
+962309618951
+962175128151
+962810209051
+962057771651
+962892784051
+962809193151
+962370572851
+962127182251
+962711201851
+962419629551
+962444225151
+962324411651
+962160566551
+962706580451
+962548640551
+962980677451
+962595291151
+962870687151
+962288638051
+962548721251
+962167676851
+962525455251
+962609286751
+962351710151
+962859277151
+962273807351
+962725464451
+962844123251
+962799607651
+962370557151
+962122539751
+962724809351
+962858145951
+962762961551
+962072134851
+962848260751
+962117968651
+962921374451
+962348839951
+962570081351
+962003456951
+962942360851
+962606825351
+962154860251
+962136884151
+962202100151
+962409594251
+962487541651
+962141428151
+962412735451
+962204194651
+962386505151
+962731003451
+962776830751
+962259171551
+962611204151
+962646561551
+962255838751
+962329910651
+962593036651
+962889618951
+962119519351
+962295298351
+962758140051
+962067768151
+962201720951
+962493847051
+962725671151
+962869390551
+962238110451
+962821609651
+962904206551
+962764392551
+962533401051
+962075787851
+962847156951
+962107729451
+962665375051
+962454411251
+962327400351
+962731243251
+962229116351
+962801249151
+962972157851
+962662921551
+962207434951
+962332700451
+962286045951
+962475411651
+962837695251
+962669697551
+962181612051
+962296275151
+962192512151
+962274997151
+962045593251
+962139319851
+962040387051
+962898880551
+962689147851
+962885717351
+962799086351
+962096044851
+962956824151
+962398780551
+962651927051
+962731032951
+962053746651
+962400108451
+962004384651
+962784728251
+962496959651
+962924468851
+962846447751
+962932087351
+962851856651
+962347818851
+962126833651
+962394608751
+962192829951
+962621774951
+962151746051
+962262281151
+962461177551
+962719401351
+962272332151
+962511096051
+962603832051
+962277778851
+962213668851
+962523713551
+962100936251
+962611992651
+962524673451
+962126000751
+962888290251
+962407654151
+962766691451
+962084487551
+962177207051
+962870971751
+962472896951
+962599135551
+962230212251
+962276562251
+962036177051
+962711663851
+962439540551
+962243592451
+962413757451
+962813686551
+962537412351
+962068846551
+962821446851
+962277719551
+962872823751
+962463764351
+962604251951
+962159225051
+962312364451
+962608049351
+962186856551
+962084173051
+962149209651
+962549465651
+962833759451
+962194690051
+962717043651
+962132049251
+962754068051
+962650289451
+962588774051
+962325787551
+962125138951
+962889661051
+962449428351
+962049053151
+962085465851
+962904463651
+962617170151
+962729595351
+962489294751
+962688153951
+962198368951
+962969271051
+962384908851
+962663147651
+962383396051
+9642648299624
+9644754565924
+9644191860724
+9642762841324
+9649470045424
+9644388146624
+9641924270324
+9648118702224
+9646124909524
+9646013695724
+9641061488524
+9645001189924
+9645754547724
+9644958570224
+9649757195224
+9643858870724
+9640646442524
+9644956575024
+9642163057324
+9649275261324
+9644135601724
+9642681165924
+9641411087924
+9648915193124
+9646567023624
+9647821350724
+9642199224924
+9642908237324
+9648047885224
+9643772903424
+9647459743024
+9640393902224
+9641893985724
+9640851684424
+9646230796824
+9644436619124
+9648490568024
+9641993847024
+9649508192024
+9645399208924
+9645997386424
+9640788203324
+9642412589124
+9640712675024
+9641144203724
+9642977825824
+9644851511124
+9647401077324
+9644722649824
+9648264990224
+9642942345324
+9645805804324
+9641168514724
+9646849504024
+9649617401924
+9647398189124
+9646093511524
+9641278738124
+9649366938324
+9644399929924
+9648058435324
+9645759315924
+9648656226324
+9644007025324
+9641232851124
+9649237255524
+9640847844424
+9646760078024
+9646874913824
+9648631548024
+9641593012624
+9641142625024
+9647557249924
+9643258653524
+9649831561624
+9647743056024
+9645384150424
+9646479880624
+9641171051624
+9647035785124
+9643887573024
+9645749704024
+9642283649224
+9644570154324
+9644056585424
+9643152066824
+9640894800824
+9644310389424
+9649738443924
+9647917813624
+9646881652424
+9646740327924
+9646311989024
+9643160500924
+9647893062124
+9640047250824
+9645701023124
+9644852613024
+9645157708024
+9641640174324
+9647810680724
+9646717604524
+9644783606324
+9641389259024
+9648348201424
+9640326996724
+9648317455224
+9644857825824
+9642689936024
+9644964125024
+9641587821324
+9641658111624
+9640648454624
+9642096028324
+9643896306024
+9648088959524
+9645603580324
+9648748321924
+9648923865524
+9647672050824
+9648792914824
+9648719527324
+9649181134024
+9647909872324
+9646571517424
+9644833787724
+9643206246824
+9642387286724
+9648069970824
+9645390359024
+9642574600024
+9646484848724
+9640731048124
+9648220737624
+9641222526424
+9641600265024
+9648787345024
+9642263744824
+9646347987024
+9646256965824
+9645553638724
+9646027903224
+9649566077624
+9642070874624
+9646448315724
+9642218651424
+9643218000424
+9643129408324
+9641493964224
+9645170827524
+9642433251124
+9647409431624
+9645527246924
+9646640521524
+9647574606524
+9642929500024
+9642347753024
+9642316150424
+9644465397324
+9642789869724
+9644604387124
+9642751313624
+9641055784024
+9640423893924
+9647628664324
+9644729027424
+9649840643724
+9642411246724
+9644511964024
+9640675079224
+9645466417624
+9648699901824
+9649748849424
+9643983090624
+9649391586524
+9647961898124
+9647147019324
+9641641221524
+9643851263824
+9647549677824
+9647462221624
+9645285456624
+9644117280324
+9647254675024
+9643525992824
+9641216257324
+9648874504124
+9641488263724
+9645801069024
+9642784086524
+9643548602724
+9643734159424
+9641928187524
+9641119367624
+9648878861324
+9645826019024
+9641825281124
+9643036602924
+9648786359424
+9645928629524
+9645910134624
+9643621368924
+9641783739724
+9640772970724
+9648153662724
+9648266612124
+9640129037024
+9644877758124
+9642897635824
+9647014685424
+9644111713124
+9647451962724
+9641487595324
+9647692128524
+9648355033324
+9646328450124
+9647976309724
+9645674217224
+9649010990724
+9643985681124
+9642105767124
+9646859120624
+9648385204224
+9645249032424
+9646554990224
+9640538467424
+9649899890024
+9649213728624
+9642193055224
+9642653416424
+9644484568424
+9645940433624
+9643748623224
+9646032933424
+9640060897924
+9647174430024
+9649410981824
+9648399397924
+9644049972124
+9641271653124
+9648506320924
+9647011624624
+9640059299324
+9646138228524
+9649348451524
+9645171524624
+9642050217324
+9644464292624
+9644074451824
+9649157088924
